12
64
25
49
56
35
40
49
64
64
64
64
30
64
6
49
64
56
64
25
56
9
16
64
64
48
64
28
40
64
64
48
64
49
49
64
64
9
16
48
64
42
64
4
25
49
6
56
64
40
64
64
20
9
25
49
64
9
40
9
49
64
30
64
35
40
6
64
64
16
9
64
64
35
64
36
64
9
56
64
48
6
64
25
64
6
42
9
64
9
48
64
56
35
56
56
64
64
64
64
9
30
56
48
64
20
64
56
30
6
64
56
6
6
56
49
9
20
9
25
56
64
48
64
20
64
48
64
6
30
9
36
24
56
64
9
64
9
64
15
56
64
30
56
9
48
56
20
48
64
35
48
48
25
64
64
64
49
64
64
64
25
48
6
30
25
56
56
12
20
56
36
64
64
48
30
28
30
35
9
9
36
48
15
49
20
28
56
64
64
25
64
20
42
56
15
49
49
64
64
20
30
64
64
56
30
64
64
15
64
25
49
48
64
36
48
9
25
9
64
42
15
56
64
40
9
64
64
64
16
64
20
35
64
64
42
20
6
64
56
28
9
25
25
64
64
42
6
35
64
42
64
56
25
42
9
64
30
64
42
28
48
42
64
64
9
9
64
64
9
64
56
6
9
64
6
64
64
9
35
56
30
36
64
48
42
64
36
64
42
64
64
42
64
64
64
48
15
28
42
64
64
64
30
20
64
9
24
16
9
64
15
56
24
12
64
35
9
6
20
64
64
20
12
6
35
24
9
64
9
9
49
64
64
56
56
30
64
64
15
64
64
30
25
64
6
30
64
25
6
64
25
6
56
25
64
15
25
64
64
15
64
6
64
20
42
56
56
30
56
25
35
56
9
15
64
64
64
56
56
4
49
64
6
64
56
64
24
64
25
25
64
24
4
25
64
64
64
64
35
64
42
48
25
16
9
64
64
64
64
64
42
42
35
42
35
20
64
28
56
64
30
64
36
56
30
6
56
48
64
25
64
42
64
25
42
56
9
9
30
64
9
64
9
42
64
12
64
64
25
64
64
64
42
35
64
64
35
6
48
42
42
42
64
56
30
40
64
64
28
64
48
9
64
64
64
9
15
48
6
64
64
64
24
56
20
25
40
30
35
64
9
40
35
16
9
64
42
30
20
64
9
9
48
56
64
25
36
64
56
48
64
